{
  "timestamp": "2024-11-01T23:35:17.241151",
  "names": [
    "Sarah Walker",
    "Alexandra Johnson",
    "Angela Carter",
    "Emily Watson",
    "Michael Carter",
    "Emily Thompson",
    "Gabrielle Henderson",
    "Alexander Morrison",
    "Emily Thompson"
  ],
  "similarity_matrix": [
    [
      1.0,
      0.56,
      0.55,
      0.56,
      0.52,
      0.69,
      0.68,
      0.37,
      0.46
    ],
    [
      0.56,
      1.0,
      0.37,
      0.56,
      0.48,
      0.52,
      0.56,
      0.41,
      0.55
    ],
    [
      0.55,
      0.37,
      1.0,
      0.51,
      0.7,
      0.49,
      0.61,
      0.48,
      0.49
    ],
    [
      0.56,
      0.56,
      0.51,
      1.0,
      0.59,
      0.53,
      0.75,
      0.49,
      0.55
    ],
    [
      0.52,
      0.48,
      0.7,
      0.59,
      1.0,
      0.34,
      0.71,
      0.57,
      0.58
    ],
    [
      0.69,
      0.52,
      0.49,
      0.53,
      0.34,
      1.0,
      0.65,
      0.27,
      0.42
    ],
    [
      0.68,
      0.56,
      0.61,
      0.75,
      0.71,
      0.65,
      1.0,
      0.49,
      0.59
    ],
    [
      0.37,
      0.41,
      0.48,
      0.49,
      0.57,
      0.27,
      0.49,
      1.0,
      0.66
    ],
    [
      0.46,
      0.55,
      0.49,
      0.55,
      0.58,
      0.42,
      0.59,
      0.66,
      1.0
    ]
  ]
}